world: c8a18e8d-e9da-48ee-9cb8-c90c882070a4
world-name: world
x: -45.65716979970437
y: 68.0
z: -29.38654604040476
yaw: -92.28399658203125
pitch: 7.30665397644043
name: crates
lastowner: 6dbf0628-c494-35fd-b96c-9ab59f6c43f7
