world: c8a18e8d-e9da-48ee-9cb8-c90c882070a4
world-name: world
x: 1647.5
y: 76.0
z: 1482.5
yaw: -69.9000473022461
pitch: 7.950002193450928
name: newhome
lastowner: 4df59a0e-37e7-3657-a85e-01465b119dfe
