world: c8a18e8d-e9da-48ee-9cb8-c90c882070a4
world-name: world
x: -73.68588738646261
y: 68.0
z: -43.25910413381615
yaw: -1.1485595703125
pitch: 7.0500030517578125
name: shop
lastowner: 4df59a0e-37e7-3657-a85e-01465b119dfe
